___This is matrix A; it is a randomly generated symmetric matrix:___

         0         11          5         10         10 
        11          7          2         12          0 
         5          2          8          1          8 
        10         12          1         14          6 
        10          0          8          6         14 

___This is matrix D; it is a randomly generated diagonalised matrix:___

     -10.8  -9.24e-12   3.16e-17  -1.06e-22  -4.08e-08 
 -9.24e-12      -2.14  -3.39e-21  -2.74e-08  -4.91e-11 
  4.11e-16  -1.51e-17       3.82  -9.03e-11   1.74e-14 
  1.22e-16  -2.74e-08  -9.03e-11       16.1   9.15e-16 
 -4.08e-08  -4.91e-11   1.76e-14   5.41e-15         36 

___This is a matrix consisting of eigenvectors:___

     0.813       0.36     0.0544   0.000855      0.454 
    -0.489      0.508      0.363      0.434      0.428 
   -0.0296     -0.376      0.748     -0.478      0.263 
   -0.0141     -0.654     -0.271      0.408      0.576 
    -0.314      0.207     -0.482     -0.645      0.458 

__________I will check my answers, and see if they are correct__________
This is V^TAV:

     -10.8  -9.24e-12   6.66e-16  -8.88e-16  -4.08e-08 
 -9.24e-12      -2.14  -1.72e-15  -2.74e-08  -4.91e-11 
  8.88e-16  -1.67e-15       3.82  -9.03e-11    1.9e-14 
 -2.22e-15  -2.74e-08  -9.03e-11       16.1   3.55e-15 
 -4.08e-08  -4.91e-11   1.95e-14   3.55e-15         36 
This is D:

     -10.8  -9.24e-12   3.16e-17  -1.06e-22  -4.08e-08 
 -9.24e-12      -2.14  -3.39e-21  -2.74e-08  -4.91e-11 
  4.11e-16  -1.51e-17       3.82  -9.03e-11   1.74e-14 
  1.22e-16  -2.74e-08  -9.03e-11       16.1   9.15e-16 
 -4.08e-08  -4.91e-11   1.76e-14   5.41e-15         36 
V^TAV = D: True
It is correct
This is VDV^T:

  6.22e-15         11          5         10         10 
        11          7          2         12   3.55e-15 
         5          2          8          1          8 
        10         12          1         14          6 
        10   5.33e-15          8          6         14 
This is A:

         0         11          5         10         10 
        11          7          2         12          0 
         5          2          8          1          8 
        10         12          1         14          6 
        10          0          8          6         14 
VDV^T = A: True
It is correct
This is VtV:

         1          0  -2.78e-17   1.94e-16   8.33e-17 
         0          1  -6.94e-17  -1.39e-16  -1.11e-16 
 -2.78e-17  -6.94e-17          1   5.55e-17          0 
  1.94e-16  -1.39e-16   5.55e-17          1          0 
  8.33e-17  -1.11e-16          0          0          1 
VtV = 1: True
It is correct
This is VVt:

         1   1.39e-16  -9.71e-17   1.11e-16   5.55e-17 
  1.39e-16          1   4.16e-17  -2.78e-17   2.78e-17 
 -9.71e-17   4.16e-17          1   1.39e-16          0 
  1.11e-16  -2.78e-17   1.39e-16          1  -5.55e-17 
  5.55e-17   2.78e-17          0  -5.55e-17          1 
VVt = 1: True
It is correct
