The matrix A looks like:

         8          0          8          1 
         4          1          6          4 
         6          6          9          9 
         2          0          2          4 
The inverse of A is

     0.289     -0.667      0.111      0.344 
    0.0444     -0.333      0.222     -0.178 
    -0.156      0.667     -0.111     -0.378 
   -0.0667   1.68e-17  -7.13e-17      0.267 
Testing if A*A^(-1)=I (approks)

         1   9.05e-16  -5.15e-16  -1.28e-15 
  1.28e-15          1   7.14e-16  -2.22e-16 
 -1.11e-15   1.04e-15          1  -1.33e-15 
 -5.55e-16   2.89e-16  -3.96e-16          1 
True
