sqrt(2) = 1.4142135623731
sqrt(2)*sqrt(2) = 2
epi = 23.1406926327793
log(epi) = 3.14159265358979
pie = 22.459157718361
How to do log_pi(pie)??
